SCORE: 42 =>	NUMBER OF INDIVIDUALS: 28	PERCENTAGE: 40%
1 0 1 1 1 0 1 1 0 1 1 0 
1 0 1 0 1 1 1 0 1 0 1 1 
0 1 0 1 1 1 1 0 1 1 1 0 
1 1 0 1 1 1 0 1 0 1 1 0 
1 0 1 1 0 1 0 1 0 1 1 1 
1 0 1 1 0 1 0 1 1 0 1 1 
1 0 1 0 1 1 0 1 1 0 1 1 
1 0 1 0 1 0 1 1 0 1 1 1 
1 0 1 1 0 1 1 0 1 0 1 1 
1 1 1 0 1 0 1 1 0 1 0 1 
0 1 1 0 1 1 1 0 1 1 0 1 
1 0 1 1 1 1 0 1 0 1 1 0 
0 1 1 0 1 0 1 1 1 1 0 1 
1 0 1 0 1 1 0 1 0 1 1 1 
1 1 0 1 1 0 1 1 0 1 1 0 

SCORE: 43 =>	NUMBER OF INDIVIDUALS: 42	PERCENTAGE: 60%
0 1 0 1 0 1 1 0 1 0 1 1 

